6.114051053179231E-4
3.001443244287994E-4
3.001443244287994E-4
2.126022298037328E-4
3.001443244287994E-4
2.126022298037328E-4
2.126022298037328E-4
2.126022298037328E-4
3.001443244287994E-4
2.126022298037328E-4
2.126022298037328E-4
2.126022298037328E-4
2.126022298037328E-4
2.126022298037328E-4
2.126022298037328E-4
3.001443244287994E-4
3.001443244287994E-4
2.126022298037328E-4
2.126022298037328E-4
2.126022298037328E-4
2.126022298037328E-4
2.126022298037328E-4
2.126022298037328E-4
3.001443244287994E-4
2.126022298037328E-4
2.126022298037328E-4
2.126022298037328E-4
3.001443244287994E-4
2.126022298037328E-4
3.001443244287994E-4
3.001443244287994E-4
6.114051053179231E-4
6.114051053179231E-4
3.001443244287994E-4
3.001443244287994E-4
2.126022298037328E-4
3.001443244287994E-4
2.126022298037328E-4
2.126022298037328E-4
2.126022298037328E-4
3.001443244287994E-4
2.126022298037328E-4
2.126022298037328E-4
2.126022298037328E-4
2.126022298037328E-4
2.126022298037328E-4
2.126022298037328E-4
3.001443244287994E-4
6.114051053179231E-4
3.001443244287994E-4
3.001443244287994E-4
2.126022298037328E-4
3.001443244287994E-4
2.126022298037328E-4
2.126022298037328E-4
2.126022298037328E-4
6.114051053179231E-4
3.001443244287994E-4
3.001443244287994E-4
2.126022298037328E-4
6.114051053179231E-4
3.001443244287994E-4
6.114051053179231E-4
